x=[0,1183821.387314164,21545840431
1,1241303.6364765377,21546840433
2,1276117.20481995,21547840441
3,1308849.4851460436,21548840442
4,1219190.9741197026,21549840452
5,1254628.1751180505,21550840458
6,1173326.4589900684,21551840459
7,1080578.3134059499,21552840460
8,1174768.848690271,21553840466
9,1135290.6893314805,21554840469
10,1181803.4160747125,21555840470
11,1166482.9541167566,21556840472
12,1216164.610624147,21557840473
13,1313212.8932401054,21558840474
14,1175967.6641090906,21559840480
15,1095728.0438137364,21560840488
16,1164524.3972792388,21561840489
17,1161294.2865538478,21562840521
18,1290231.1058567183,21563840522
19,1078810.6422180575,21564840525
20,1245132.03028368,21565840526
21,1192083.5921509734,21566840527
22,1150722.8236572538,21567840528
23,1231575.7344831673,21568840536
24,1109725.6114775776,21569840537
25,1140381.897137208,21570840540
26,1211375.4473762868,21571840541
27,1162437.3478334888,21572840546
28,1221014.7769033837,21573840548
29,1103583.9550051673,21574840550
30,1308769.8508267233,21575840552
31,1294295.2531916157,21576840553
32,1223150.2370894798,21577840554
33,1154388.910077017,21578840559
34,1263961.5246086,21579840560
35,1391879.8763975427,21580840573
36,1117766.1829960954,21581840574
37,1104660.5787106245,21582840577
38,1146988.2890246802,21583840578
39,1112873.6195531923,21584840580
40,1309252.8844825285,21585840581
41,1207473.8162915236,21586840582
42,1087719.4761306376,21587840584
43,1268648.405449261,21588840586
44,1272263.0469440853,21589840590
45,1343520.4824510985,21590840593
46,1181843.7412143338,21591840594
47,1236566.459558786,21592840597
48,1364781.0846461025,21593840605
49,1190906.2673037606,21594840606
50,1255348.236627439,21595840608
51,1127013.9112044496,21596840610
52,1118261.3067185818,21597840612
53,1169848.0087651976,21598840614
54,1136036.4477055063,21599840615
55,1268255.1535797545,21600840618
56,1132113.1709709151,21601840624
57,1312949.1519855114,21602840627
58,1157155.1527808895,21603840636
59,1460886.4505826412,21604840645
60,1302647.6815528164,21605840649
61,1166335.4328596727,21606840651
62,1203448.674197594,21607840657
63,1152573.0945503642,21608840659
64,1142264.5713586987,21609840660
65,1202135.0331949191,21610840662
66,1094621.7929594107,21611840663
67,1133511.4068619781,21612840665
68,1123916.3519336605,21613840667
69,1139478.3873766544,21614840668
70,1283141.2818719225,21615840674
71,1070794.6558628746,21616840677
72,1209537.0482116842,21617840679
73,1158586.7661270646,21618840682
74,1079781.7020326047,21619840683
75,1041469.219502542,21620840705
76,1167461.1765598906,21621840707
77,1145813.2333585895,21622840708
78,1473618.4562942893,21623840709
79,1173825.0043073809,21624840712
80,1241767.013518648,21625840717
81,1120352.5002693494,21626840730
82,1092277.3602067712,21627840732
83,1231387.5797283328,21628840733
84,1170811.450455262,21629840736
85,1177298.92702521,21630840738
86,1209104.923725994,21631840740
87,1192313.9301283497,21632840742
88,1191235.8249920886,21633840743
89,1170171.8390266714,21634840751
90,1171456.7449941223,21635840753
91,1190763.024137888,21636840754
92,1221363.9935643764,21637840757
93,1165454.2691858085,21638840759
94,1385576.657591565,21639840772
95,1127749.2606592264,21640840773
96,1190124.5879012856,21641840775
97,1220922.6202820982,21642840776
98,1146306.9996689232,21643840782
99,1238062.8437354024,21644840789
100,1266118.9508842463,21645840793
101,1116201.4328398106,21646840794
102,1166557.925113028,21647840809
103,1141853.6951425155,21648840821
104,1061142.7058732212,21649840822
105,1333181.5741369831,21650840829
106,1313377.6813383289,21651840830
107,1272164.2150269926,21652840831
108,1198495.2875750675,21653840832
109,1208718.7807745126,21654840833
110,1189780.0672907226,21655840834
111,1270497.5877513066,21656840838
112,1195021.4768959044,21657840843
113,1116655.6219726105,21658840846
114,1168480.4254855274,21659840853
115,1173466.6950780042,21660840857
116,1232049.6486340233,21661840858
117,1174430.1893315508,21662840868
118,1229164.0011080408,21663840871
119,1338088.3295044766,21664840875
120,1319548.4981696422,21665840876
121,1128716.5772959625,21666840882
122,1253588.8226418977,21667840883
123,1125484.5513850308,21668840884
124,1287458.7342157424,21669840889
125,1270747.317221162,21670840898
126,1234053.5102699827,21671840899
127,1155484.2381100103,21672840901
128,1232351.5619663766,21673840902
129,1156590.5619803865,21674840904
130,1258488.4538059146,21675840906
131,1254786.700841453,21676840908
132,1212915.104773786,21677840920
133,1181908.0500647195,21678840921
134,1242928.6383535673,21679840922
135,1085736.261272931,21680840924
136,1326389.0608783117,21681840925
137,1176728.8972384068,21682840926
138,1242288.154039283,21683840930
139,1167157.843047146,21684840931
140,1203821.2746435828,21685840933
141,1164556.4619772672,21686840937
142,1151842.2432900777,21687840942
143,1213096.0305540452,21688840943
144,1232232.4733277955,21689840945
145,1359466.5559084911,21690840946
146,1306908.5074362406,21691840949
147,1240669.528616788,21692840951
148,1235436.5353902746,21693840954
149,1297731.6475504022,21694840955
150,1140946.5539091744,21695840960
151,1238295.1266280417,21696840961
152,1259871.2355033956,21697840963
153,1245214.449657451,21698840966
154,1309347.1936191604,21699840973
155,1263151.5553345052,21700840978
156,1155266.0519046865,21701840979
157,1288907.8985286276,21702840982
158,1255416.8518914725,21703840984
159,1275902.6021410138,21704840989
160,1159079.8995691228,21705840995
161,1190669.7442731997,21706841001
162,1277375.1380027907,21707841005
163,1165068.6746636655,21708841006
164,1196048.5415430337,21709841010
165,1204869.7389864987,21710841016
166,1337889.6550331896,21711841021
167,1225704.3267172873,21712841025
168,1173392.2955742322,21713841026
169,1159129.5969677924,21714841032
170,1198991.5683680833,21715841039
171,1266068.8900040975,21716841041
172,1103233.3348152423,21717841042
173,1208878.818411027,21718841043
174,1141731.2802021713,21719841044
175,1127698.6305431684,21720841055
176,1230192.561012165,21721841060
177,1199527.4234353711,21722841062
178,1283471.8229825445,21723841063
179,1066924.0431134093,21724841070
180,1272546.833075558,21725841076
181,1193597.9820267104,21726841078
182,1170379.4067719693,21727841079
183,1173628.9127758548,21728841087
184,1276838.5290252161,21729841089
185,1278221.6486820965,21730841091
186,1270090.375882952,21731841096
187,1160838.1013153975,21732841101
188,1189678.9925195565,21733841103
189,1250467.394858103,21734841104
190,1206837.949070713,21735841105
191,1069716.7808344471,21736841106
192,1150231.4740587743,21737841108
193,1136244.058657745,21738841109
194,1510309.383055984,21739841113
195,1111401.3286568164,21740841116
196,1088114.79535917,21741841117
197,1190825.4099379645,21742841118
198,1277085.5891272186,21743841120
199,1274136.560703468,21744841122
200,1098147.204169584,21745841124
201,1236954.0196095884,21746841125
202,1183852.5706344303,21747841130
203,1143653.6679684788,21748841134
204,1171936.8116801744,21749841135
205,1052576.4757988343,21750841137
206,1424938.5197651524,21751841142
207,1300341.7682803564,21752841144
208,1255748.6849495578,21753841147
209,1327917.762541542,21754841148
210,1152769.6338213182,21755841149
211,1116442.7595884828,21756841151
212,1200984.122070023,21757841153
213,1171154.6713905057,21758841154
214,1233252.3367305251,21759841157
215,1177701.5789960388,21760841158
216,1137954.36859934,21761841159
217,1162924.0829896105,21762841162
218,1179867.7802275375,21763841163
219,1221929.7449955759,21764841164
220,1127135.5384006938,21765841165
221,1120053.443752247,21766841167
222,1337873.6430320838,21767841169
223,1221314.490792368,21768841171
224,1221300.2742428689,21769841176
225,1310580.4801213103,21770841180
