x=[
    0,3.63633229E8,21544840422
1,3.41740159E8,21545840422
2,3.68509262E8,21546840422
3,3.68294931E8,21547840422
4,3.45112538E8,21548840422
5,3.5223036E8,21549840422
6,3.7692598E8,21550840422
7,3.70166941E8,21551840422
8,3.66717953E8,21552840422
9,3.64125524E8,21553840422
10,3.68021104E8,21554840422
11,3.72188575E8,21555840422
12,3.71794078E8,21556840422
13,3.49320319E8,21557840422
14,3.53770335E8,21558840422
15,3.59614331E8,21559840422
16,3.60333669E8,21560840422
17,3.43983664E8,21561840422
18,3.47949568E8,21562840422
19,3.56106401E8,21563840422
20,3.54342657E8,21564840422
21,3.50815805E8,21565840422
22,3.75381261E8,21566840422
23,3.39009637E8,21567840422
24,3.51978325E8,21568840422
25,3.54486575E8,21569840422
26,3.83625601E8,21570840422
27,3.50858186E8,21571840422
28,3.63772389E8,21572840422
29,3.50083717E8,21573840422
30,3.74232028E8,21574840422
31,3.67210549E8,21575840422
32,3.51126826E8,21576840422
33,3.6134849E8,21577840422
34,3.9177066E8,21578840422
35,3.67726844E8,21579840422
36,3.68894332E8,21580840422
37,3.50931328E8,21581840422
38,3.700873E8,21582840422
39,3.61636086E8,21583840422
40,3.68130334E8,21584840422
41,3.56097091E8,21585840422
42,3.38622663E8,21586840422
43,3.61500396E8,21587840422
44,3.56456437E8,21588840422
45,3.62441263E8,21589840422
46,3.713347E8,21590840422
47,3.89685118E8,21591840422
48,3.77217211E8,21592840422
49,3.58575487E8,21593840422
50,3.57243583E8,21594840422
51,3.41598033E8,21595840422
52,3.69627985E8,21596840422
53,3.49397617E8,21597840422
54,3.41737986E8,21598840422
55,3.62532801E8,21599840422
56,3.35873492E8,21600840422
57,3.48307159E8,21601840422
58,3.60807075E8,21602840422
59,3.65553964E8,21603840422
60,3.79528612E8,21604840422
61,3.51112062E8,21605840422
62,3.35824959E8,21606840422
63,3.5954651E8,21607840422
64,3.34054609E8,21608840422
65,3.47725302E8,21609840422
66,3.47478983E8,21610840422
67,3.62467174E8,21611840422
68,3.55534862E8,21612840422
69,3.48238607E8,21613840422
70,3.72626873E8,21614840422
71,3.50354873E8,21615840422
72,3.54502974E8,21616840422
73,3.53104464E8,21617840422
74,3.5960252E8,21618840422
75,3.62748896E8,21619840422
76,3.92254344E8,21620840422
77,3.77674184E8,21621840422
78,3.66046311E8,21622840422
79,3.37573385E8,21623840422
80,3.49721077E8,21624840422
81,3.58131355E8,21625840422
82,3.47412353E8,21626840422
83,3.4133148E8,21627840422
84,3.41806485E8,21628840422
85,3.60566652E8,21629840422
86,3.41832587E8,21630840422
87,3.50486685E8,21631840422
88,3.61341019E8,21632840422
89,3.52718611E8,21633840422
90,3.67045443E8,21634840422
91,3.36033039E8,21635840422
92,3.45263667E8,21636840422
93,3.63319701E8,21637840422
94,3.67877174E8,21638840422
95,3.48318082E8,21639840422
96,3.70614979E8,21640840422
97,3.75303375E8,21641840422
98,3.57853725E8,21642840422
99,3.67343927E8,21643840422
100,3.73675486E8,21644840422
101,3.4618571E8,21645840422
102,3.60818848E8,21646840422
103,3.43323353E8,21647840422
104,3.53534262E8,21648840422
105,3.54592811E8,21649840422
106,3.85090315E8,21650840422
107,3.54785496E8,21651840422
108,3.39741148E8,21652840422
109,3.582458E8,21653840422
110,3.52255673E8,21654840422
111,3.64170546E8,21655840422
112,3.59243883E8,21656840422
113,3.39720204E8,21657840422
114,3.39717847E8,21658840422
115,3.50246402E8,21659840422
116,3.72911549E8,21660840422
117,3.58416389E8,21661840422
118,3.77104103E8,21662840422
119,3.54794156E8,21663840422
120,3.66848897E8,21664840422
121,3.70291265E8,21665840422
122,3.6534948E8,21666840422
123,3.26651356E8,21667840422
124,3.47294461E8,21668840422
125,3.44239037E8,21669840422
126,3.51926495E8,21670840422
127,3.70210116E8,21671840422
128,3.5704432E8,21672840422
129,3.37605738E8,21673840422
130,3.51653625E8,21674840422
131,3.54026158E8,21675840422
132,3.7758183E8,21676840422
133,3.63381445E8,21677840422
134,3.59666607E8,21678840422
135,3.5352431E8,21679840422
136,3.8601754E8,21680840422
137,4.0140668E8,21681840422
138,3.8368364E8,21682840422
139,3.75551917E8,21683840422
140,3.87261681E8,21684840422
141,3.57069913E8,21685840422
142,3.70078149E8,21686840422
143,3.79160161E8,21687840422
144,3.71532721E8,21688840422
145,3.67001617E8,21689840422
146,3.55335895E8,21690840422
147,3.94875547E8,21691840422
148,3.86918162E8,21692840422
149,3.62407699E8,21693840422
150,3.62047113E8,21694840422
151,3.63868238E8,21695840422
152,3.32238245E8,21696840422
153,3.38256314E8,21697840422
154,3.673549E8,21698840422
155,3.55088833E8,21699840422
156,3.50290199E8,21700840422
157,3.73033699E8,21701840422
158,3.85743266E8,21702840422
159,3.51062481E8,21703840422
160,3.45318559E8,21704840422
161,3.4224732E8,21705840422
162,3.55204632E8,21706840422
163,3.74841031E8,21707840422
164,3.70741558E8,21708840422
165,3.47429223E8,21709840422
166,3.75312997E8,21710840422
167,3.65496662E8,21711840422
168,3.62009255E8,21712840422
169,3.34684594E8,21713840422
170,3.59591935E8,21714840422
171,3.82609738E8,21715840422
172,3.59809365E8,21716840422
173,3.96247686E8,21717840422
174,3.38258589E8,21718840422
175,3.56585621E8,21719840422
176,3.64884012E8,21720840422
177,3.46207753E8,21721840422
178,3.71756769E8,21722840422
179,3.82259913E8,21723840422
180,3.78021799E8,21724840422
181,3.66146454E8,21725840422
182,3.93594157E8,21726840422
183,3.79495743E8,21727840422
184,3.43260055E8,21728840422
185,3.47730295E8,21729840422
186,3.70975874E8,21730840422
187,3.62999869E8,21731840422
188,3.86604172E8,21732840422
189,3.8128907E8,21733840422
190,3.57014269E8,21734840422
191,3.47352648E8,21735840422
192,3.64002455E8,21736840422
193,3.58594113E8,21737840422
194,3.78614849E8,21738840422
195,3.65551662E8,21739840422
196,3.54562711E8,21740840422
197,3.60288255E8,21741840422
198,3.49991247E8,21742840422
199,3.76381044E8,21743840422
200,3.73432629E8,21744840422
201,3.47826543E8,21745840422
202,3.68963465E8,21746840422
203,3.58839926E8,21747840422
204,3.54582755E8,21748840422
205,3.52283278E8,21749840422
206,3.6560985E8,21750840422
207,3.84122838E8,21751840422
208,3.68195037E8,21752840422
209,3.42825774E8,21753840422
210,3.65340418E8,21754840422
211,3.64307612E8,21755840422
212,3.62855372E8,21756840422
213,3.52949545E8,21757840422
214,3.5619796E8,21758840422
215,3.62557669E8,21759840422
216,3.45868474E8,21760840422
217,3.65842997E8,21761840422
218,3.74904394E8,21762840422
219,3.66759675E8,21763840422
220,3.80766074E8,21764840422
221,3.4209296E8,21765840422
222,3.60501531E8,21766840422
223,3.56514782E8,21767840422
224,3.53752224E8,21768840422
225,3.78847217E8,21769840422
226,3.90588402E8,21770840422
227,3.81042074E8,21771840422
228,4.07126121E8,21772840422
229,3.93827031E8,21773840422
230,4.01744984E8,21774840422
231,4.27239098E8,21775840422
232,4.12732927E8,21776840422
233,4.06122966E8,21777840422
234,3.93007069E8,21778840422
235,3.94654036E8,21779840422
236,4.0603966E8,21780840422
237,3.6955797E8,21781840422
238,3.74689398E8,21782840422
239,3.47029752E8,21783840422
240,3.65816796E8,21784840422
241,3.72839318E8,21785840422
242,3.5021303E8,21786840422
243,3.71625374E8,21787840422
244,3.78063049E8,21788840422
245,3.58969236E8,21789840422
246,3.71977588E8,21790840422
247,3.84929229E8,21791840422
248,3.66615146E8,21792840422
249,3.8295368E8,21793840422
250,3.5854215E8,21794840422
251,3.8134064E8,21795840422
252,3.65141194E8,21796840422
253,3.74619062E8,21797840422
254,3.94631517E8,21798840422
255,4.16127284E8,21799840422
256,3.93526981E8,21800840422
257,3.60845694E8,21801840422
258,3.93817498E8,21802840422
259,3.81201611E8,21803840422
260,3.48170686E8,21804840422
261,3.49012312E8,21805840422
262,3.76019849E8,21806840422
263,3.70520894E8,21807840422
264,3.64380975E8,21808840422
265,3.66412077E8,21809840422
266,3.49883264E8,21810840422
267,3.91313591E8,21811840422
268,3.97981497E8,21812840422
269,3.66382303E8,21813840422
270,3.56329891E8,21814840422
