x=[
0,0.8391304347826087,3
0,0.8894230769230769,0
1,0.7869565217391304,8
1,0.8626373626373627,1
2,0.8206106870229007,4
2,0.8263157894736842,1
3,0.8432203389830508,3
3,0.8508771929824561,4
4,0.8333333333333334,6
4,0.8232323232323232,2
5,0.7962962962962963,3
5,0.8794642857142857,1
6,0.7878787878787878,5
6,0.8405172413793104,4
7,0.8317307692307693,3
7,0.8557692307692307,0
8,0.8551401869158879,1
8,0.8773584905660378,1
9,0.8008130081300813,6
9,0.8394495412844036,1
10,0.8571428571428571,6
10,0.8256880733944955,0
11,0.8214285714285714,7
11,0.8413461538461539,1
12,0.8157894736842105,5
12,0.8706896551724138,0
13,0.8058252427184466,2
13,0.8425925925925926,2
14,0.8363636363636363,2
14,0.8523809523809524,0
15,0.8686868686868687,1
15,0.8529411764705882,2
16,0.8076923076923077,5
16,0.8617021276595744,1
17,0.8130434782608695,5
17,0.86,2
18,0.8073394495412844,3
18,0.8701923076923077,2
19,0.7777777777777778,5
19,0.8608695652173913,0
20,0.8055555555555556,5
20,0.8067226890756303,4
21,0.8173913043478261,4
21,0.85,3
22,0.8318181818181818,2
22,0.853448275862069,1
23,0.8241758241758241,0
23,0.8712871287128713,1
24,0.8205128205128205,2
24,0.8490566037735849,1
25,0.822429906542056,2
25,0.8097345132743363,5
26,0.8451327433628318,2
26,0.8523809523809524,3
27,0.8134328358208955,4
27,0.8221153846153846,1
28,0.8416666666666667,3
28,0.8532110091743119,2
29,0.8245614035087719,2
29,0.8302752293577982,1
30,0.6790123456790124,2
30,0.8217054263565892,2
31,0.6864406779661016,0
31,0.871900826446281,1
32,0.6774193548387096,1
32,0.84375,3
33,0.6811594202898551,0
33,0.861904761904762,3
34,0.6620370370370371,4
34,0.8089430894308943,2
35,0.6727272727272727,0
35,0.8223140495867769,2
36,0.7288135593220338,0
36,0.8673469387755102,0
37,0.6309523809523809,0
37,0.8605769230769231,1
38,0.664179104477612,2
38,0.853448275862069,2
39,0.7013888888888888,0
39,0.8762376237623762,2
40,0.7569444444444444,1
40,0.819327731092437,4
41,0.7674418604651163,0
41,0.8282442748091603,1
42,0.7195121951219512,0
42,0.8208955223880597,6
43,0.7446808510638298,0
43,0.85546875,1
44,0.7452830188679245,0
44,0.80078125,6
45,0.75,0
45,0.7904411764705882,11
46,0.7089552238805971,2
46,0.7735849056603774,15
47,0.7083333333333334,0
47,0.7844311377245509,17
48,0.7363636363636363,0
48,0.7568493150684932,13
49,0.7058823529411765,0
49,0.7801204819277109,14
50,0.8,0
50,0.796969696969697,11
51,0.7021276595744681,0
51,0.7911764705882353,15
52,0.7459016393442623,0
52,0.8128834355828221,9
53,0.75,0
53,0.7943037974683544,14
54,0.7083333333333334,0
54,0.7954545454545454,17
55,0.7804878048780488,0
55,0.7883597883597884,21
56,0.6428571428571429,0
56,0.7965116279069767,15
57,0.7375,0
57,0.8013245033112583,11
58,0.7065217391304348,0
58,0.7684210526315789,23
59,0.7653061224489796,0
59,0.7680722891566265,12
60,0.726027397260274,0
60,0.8212290502793296,14
61,0.7361111111111112,0
61,0.8128834355828221,10
62,0.7368421052631579,0
62,0.8117647058823529,16
63,0.7169811320754716,0
63,0.7784431137724551,16
64,0.6333333333333333,0
64,0.788961038961039,18
65,0.7702702702702703,0
65,0.7732558139534884,20
66,0.6829268292682927,0
66,0.782608695652174,11
67,0.7075471698113207,0
67,0.776536312849162,20
68,0.73,0
68,0.7647058823529411,15
69,0.734375,0
69,0.814935064935065,13
70,0.7727272727272727,0
70,0.8005050505050505,26
71,0.7674418604651163,0
71,0.7672413793103449,24
72,0.7023809523809523,0
72,0.8342857142857143,13
73,0.7142857142857143,0
73,0.8100558659217877,19
74,0.7301587301587301,0
74,0.7916666666666666,14
75,0.7155172413793104,0
75,0.7865853658536586,17
76,0.75,0
76,0.771505376344086,19
77,0.7377049180327869,0
77,0.8197674418604651,12
78,0.7142857142857143,0
78,0.7857142857142857,16
79,0.6911764705882353,0
79,0.8206896551724138,4
80,0.6777777777777778,1
80,0.8225806451612904,11
81,0.7131147540983607,0
81,0.8187919463087249,9
82,0.6931818181818182,0
82,0.8033333333333333,11
83,0.6891891891891891,0
83,0.7824675324675324,16
84,0.6710526315789473,0
84,0.7744360902255639,10
85,0.71875,0
85,0.7885906040268457,11
86,0.7021276595744681,0
86,0.7937062937062938,8
87,0.648936170212766,1
87,0.767175572519084,8
88,0.7169811320754716,0
88,0.7857142857142857,11
89,0.7169811320754716,0
89,0.8203125,5
90,0.7380952380952381,0
90,0.746875,14
91,0.723404255319149,0
91,0.7700729927007299,9
92,0.723404255319149,0
92,0.7985611510791367,9
93,0.7619047619047619,0
93,0.7877697841726619,9
94,0.7419354838709677,0
94,0.8108108108108109,6
95,0.71,0
95,0.8133802816901409,4
96,0.7040816326530612,0
96,0.8306878306878307,22
97,0.671875,0
97,0.7784431137724551,13
98,0.7653061224489796,0
98,0.7724719101123596,15
99,0.7346938775510204,0
99,0.811046511627907,10
100,0.7589285714285714,0
100,0.8,7
101,0.6964285714285714,0
101,0.7862068965517242,10
102,0.6935483870967742,0
102,0.7697841726618705,11
103,0.6666666666666666,0
103,0.7894736842105263,10
104,0.7755102040816326,0
104,0.7645161290322581,12
105,0.6702127659574468,0
105,0.7545454545454545,16
106,0.696078431372549,0
106,0.8186528497409327,19
107,0.6976744186046512,0
107,0.8012422360248447,14
108,0.6842105263157895,0
108,0.7925170068027211,10
109,0.6696428571428571,0
109,0.7696629213483146,16
110,0.7222222222222222,0
110,0.7566666666666667,10
111,0.75,0
111,0.78125,17
112,0.7291666666666666,0
112,0.7987421383647799,15
113,0.7205882352941176,0
113,0.7551020408163265,14
114,0.7127659574468085,1
114,0.7692307692307693,9
115,0.71,1
115,0.7883435582822086,14
116,0.75,0
116,0.8238636363636364,13
117,0.7926829268292683,0
117,0.7848484848484848,14
118,0.71,0
118,0.82,11
119,0.7033898305084746,0
119,0.7694610778443114,13
120,0.7254901960784313,0
120,0.8037974683544303,11
121,0.72,0
121,0.7569060773480663,23
122,0.8,0
122,0.7923497267759563,19
123,0.6851851851851852,0
123,0.8389261744966443,9
124,0.7674418604651163,0
124,0.7581699346405228,14
125,0.71875,0
125,0.8387096774193549,9
126,0.7555555555555555,0
126,0.7857142857142857,9
127,0.680327868852459,0
127,0.7848101265822784,12
128,0.6818181818181818,0
128,0.7623456790123457,17
129,0.6914893617021277,0
129,0.8133333333333334,9
130,0.6891891891891891,0
130,0.7944785276073619,14
131,0.723404255319149,0
131,0.808641975308642,10
132,0.8173076923076923,0
132,0.7914110429447853,11
133,0.7,0
133,0.793918918918919,8
134,0.6818181818181818,0
134,0.8382352941176471,12
135,0.725,0
135,0.7648809523809523,19
136,0.7058823529411765,1
136,0.8151515151515152,15
137,0.7647058823529411,0
137,0.8053892215568862,13
138,0.6964285714285714,0
138,0.7781065088757396,15
139,0.6486486486486487,0
139,0.7753164556962026,11
140,0.7073170731707317,0
140,0.7954545454545454,20
141,0.7340425531914894,0
141,0.7945205479452054,9
142,0.7213114754098361,0
142,0.8197278911564626,8
143,0.7641509433962265,0
143,0.7957317073170732,9
144,0.7021276595744681,0
144,0.802547770700637,11
145,0.7444444444444445,0
145,0.8244047619047619,12
146,0.7317073170731707,0
146,0.7547770700636943,12
147,0.7321428571428571,0
147,0.8051948051948052,12
148,0.7089552238805971,1
148,0.821875,11
149,0.7450980392156863,0
149,0.7801204819277109,16
150,0.7021276595744681,0
150,0.7993630573248408,8
151,0.7547169811320755,0
151,0.78125,8
152,0.7222222222222222,0
152,0.7359154929577465,14
153,0.6463414634146342,0
153,0.8383458646616542,4
154,0.7631578947368421,0
154,0.8084415584415584,11
155,0.7244897959183674,0
155,0.7634730538922155,16
156,0.7340425531914894,0
156,0.759375,12
157,0.75,0
157,0.8449367088607594,11
158,0.7123287671232876,1
158,0.7936046511627907,16
159,0.6885245901639344,1
159,0.8125,6
160,0.7211538461538461,0
160,0.8063380281690141,6
161,0.776595744680851,0
161,0.8070866141732284,7
162,0.723404255319149,0
162,0.7468354430379747,17
163,0.7685185185185185,0
163,0.8076923076923077,11
164,0.7711864406779662,0
